speed day
13.67 1
11.5 2
11.25 3
8.63 4
11.92 5
10.67 6
9.17 7
14.29 8
8.04 9
11.42 10
7.54 11
15.54 12
4.63 13
3.08 14
2.5 15
9.25 16
13.42 17
17.83 18
3.71 19
3.17 20
8.04 21
9.38 22
13.7 23
20.38 24
9.25 25
14.33 26
16.79 27
12.25 28
22 29
14.5 30
14.88 31
10.17 32
10.88 33
8.5 34
12.54 35
13.96 36
19.17 37
14.21 38
16.5 39
14.37 40
11.08 41
17.5 42
11.71 43
16.08 44
15.46 45
5.17 46
3.42 47
6.17 48
10.88 49
9.62 50
7.25 51
3.75 52
8.25 53
16.38 54
8.17 55
13.08 56
21.17 57
12.75 58
14.75 59
10.25 60
10.88 61
11.29 62
6.21 63
5.5 64
2.83 65
3.63 66
1.71 67
3.75 68
8.79 69
10.34 70
17.12 71
13.96 72
8.12 73
11.54 74
2.75 75
13 76
13.17 77
7.75 78
15.41 79
8.17 80
8 81
10.88 82
8.46 83
10.75 84
13.75 85
6.75 86
10.88 87
16.62 88
14.79 89
11.92 90
11.67 91
5.25 92
5.5 93
6 94
9.25 95
5 96
5.33 97
8.71 98
9.96 99
5.21 100
5.66 101
6.54 102
8 103
4.29 104
2.46 105
2.88 106
4.46 107
5.66 108
12.96 109
12.25 110
9.5 111
7.46 112
10.71 113
5.25 114
13.75 115
6 116
6.25 117
2.67 118
4.04 119
5.09 120
9.96 121
10.46 122
9.5 123
5.96 124
9.13 125
16.83 126
18.21 127
18.58 128
7.25 129
3.33 130
3.67 131
5.17 132
5.21 133
10.04 134
5.91 135
8.38 136
5.83 137
5.04 138
6.83 139
4.71 140
3.17 141
2.42 142
3.13 143
4 144
6.79 145
9.33 146
4.92 147
5.41 148
11.71 149
5.83 150
6.58 151
9.75 152
7.92 153
10.41 154
6.21 155
3.42 156
4.21 157
8.17 158
9.54 159
8.29 160
9.71 161
6.25 162
9.17 163
4.67 164
5.66 165
8.25 166
10.54 167
12.96 168
13.7 169
10.37 170
7.92 171
10.54 172
13.29 173
14.21 174
14.88 175
11.87 176
8.38 177
10.54 178
8.79 179
8.33 180
4.92 181
6.71 182
5.83 183
15.75 184
14.92 185
10.08 186
7.08 187
14.54 188
14.04 189
9.46 190
2.67 191
7.41 192
9.08 193
16.83 194
11.83 195
10.25 196
13.13 197
7.08 198
4.96 199
3.5 200
3.04 201
2.21 202
4.75 203
2.21 204
3.58 205
12.29 206
18.79 207
7.87 208
9.67 209
5.79 210
6.04 211
3.75 212
4.21 213
8.87 214
11.92 215
13.54 216
10.54 217
7.87 218
3.88 219
10.63 220
11.25 221
4.67 222
6.83 223
6.83 224
10.92 225
15.09 226
9.42 227
12.96 228
10.21 229
19.04 230
13.21 231
12.58 232
19 233
12.08 234
8.17 235
5.66 236
10.92 237
9.79 238
12.12 239
9.08 240
14.12 241
4.58 242
2.92 243
4.63 244
3.83 245
5.88 246
1.25 247
9.38 248
14.09 249
7.87 250
3.17 251
6.92 252
4.83 253
8.63 254
11.08 255
11.75 256
12.75 257
13 258
20.79 259
7.87 260
4.17 261
8.17 262
4.79 263
6.46 264
4.12 265
6.08 266
5.91 267
8.92 268
12.46 269
8.08 270
9.13 271
9.21 272
10.96 273
5.83 274
8.71 275
4.04 276
3.5 277
5.63 278
12.96 279
6.87 280
10.17 281
9.04 282
11.75 283
12.71 284
5.58 285
9.92 286
2.96 287
9 288
14.58 289
22.17 290
21.84 291
13.21 292
12.08 293
7.5 294
17.58 295
16.21 296
17.96 297
18.34 298
9.79 299
7.79 300
9.75 301
9.42 302
14.88 303
15.25 304
13.08 305
15.83 306
11.21 307
8.5 308
10.79 309
8.21 310
9.29 311
6.58 312
8.21 313
7.71 314
12.12 315
13.04 316
21.87 317
15.71 318
6 319
2.29 320
3.13 321
9.29 322
9.33 323
13.04 324
7 325
9.17 326
15.41 327
16.17 328
11.83 329
6.34 330
5.83 331
12.79 332
15.29 333
16.5 334
7.25 335
12.21 336
7.67 337
13.79 338
17.83 339
12.62 340
8.87 341
19.83 342
10.04 343
18.84 344
25.62 345
16.83 346
16.66 347
9.38 348
10.71 349
6.92 350
9.54 351
4.79 352
3.54 353
3.63 354
4.33 355
13.59 356
18.12 357
8.5 358
11.92 359
17.12 360
2.92 361
8.96 362
15 363
17.29 364
10.04 365
10.41 1
8.46 2
4.58 3
5.5 4
15.29 5
8.46 6
14.29 7
17.71 8
15.29 9
14.29 10
25.96 11
23.54 12
19.7 13
12.42 14
20.38 15
19.75 16
22.79 17
12.46 18
16.08 19
10.29 20
17.29 21
23.25 22
12.71 23
17.25 24
18.29 25
7.41 26
5.17 27
3.63 28
2.17 29
13.33 30
22.42 31
15.71 32
13.17 33
15.96 34
18.88 35
15.75 36
18.75 37
25 38
8.21 39
12.08 40
14.96 41
24.41 42
29.54 43
15.79 44
11.71 45
23.45 46
28.84 47
14.12 48
8.29 49
7.92 50
1.46 51
7.04 52
15.29 53
20.21 54
18.12 55
22.63 56
25.62 57
26.87 58
13.88 59
7.96 60
9.59 61
6.71 62
5.33 63
5.79 64
8 65
29.58 66
18 67
9 68
3.83 69
10.92 70
7.71 71
6.83 72
4 73
16.54 74
12.58 75
7.71 76
5.79 77
9.04 78
7.67 79
6.71 80
5.96 81
9.42 82
3.5 83
19.41 84
14.88 85
9.92 86
13.54 87
10.83 88
13.75 89
16.42 90
19.79 91
20.83 92
10.67 93
17.83 94
22.42 95
17.08 96
22.5 97
18.25 98
16.21 99
12.04 100
14.12 101
3.79 102
6.58 103
11.42 104
13.83 105
15.34 106
14.83 107
11.71 108
6.21 109
6.17 110
3.58 111
8.58 112
8.96 113
5.79 114
5.83 115
7.67 116
6.42 117
5.17 118
5.37 119
5.41 120
2.25 121
4 122
3.5 123
5.83 124
8.79 125
4.88 126
14.09 127
11.34 128
7.04 129
5.96 130
11.04 131
10.46 132
8.75 133
13.79 134
9.83 135
23.25 136
18.05 137
11.21 138
17.12 139
12.42 140
11.63 141
16 142
16.42 143
11.67 144
8 145
7.46 146
9.92 147
6.83 148
6.75 149
7.17 150
7.83 151
5.91 152
3.17 153
3 154
3.33 155
8.21 156
6.08 157
3.83 158
5.41 159
8.29 160
6.5 161
7.96 162
9.08 163
9.62 164
14 165
2.79 166
8.42 167
10.37 168
21.5 169
23.42 170
12.54 171
16.04 172
13.67 173
16.66 174
25.29 175
18.79 176
14.33 177
11.92 178
12.79 179
6.42 180
7.12 181
11.17 182
17.5 183
12.87 184
10.08 185
7.79 186
5.46 187
3.13 188
4.67 189
4.63 190
7.5 191
5.71 192
4.75 193
5.54 194
8 195
5.79 196
1.87 197
4.54 198
12.33 199
13.04 200
9.17 201
12.96 202
11.29 203
5.88 204
4.38 205
6.34 206
10 207
3.67 208
2.88 209
6.58 210
12.17 211
9.54 212
4.46 213
8.38 214
8.42 215
14.25 216
10.75 217
5.63 218
10.5 219
7.12 220
12.25 221
14.29 222
18.5 223
9.38 224
5.88 225
8.67 226
10.41 227
11.38 228
11.25 229
7.54 230
10.5 231
11.25 232
14.21 233
15.09 234
17.04 235
21.09 236
15.5 237
22.13 238
14.29 239
5.54 240
7.75 241
6.42 242
5.37 243
7.41 244
5 245
6.17 246
6.46 247
7.5 248
5.25 249
11.63 250
8.04 251
18.79 252
9.59 253
8.38 254
7.54 255
6.13 256
7.25 257
7.92 258
11.75 259
10.58 260
6.79 261
2.88 262
4.63 263
2.29 264
6.58 265
8.33 266
4.88 267
10.83 268
12 269
8.42 270
11.29 271
13.79 272
16.54 273
13.29 274
7.12 275
7.33 276
11.54 277
8.29 278
6.25 279
8.04 280
8.46 281
4.88 282
4.83 283
7.79 284
4.96 285
2.5 286
4.88 287
3.92 288
4.38 289
6.29 290
11.63 291
5.58 292
3.79 293
6.34 294
4.92 295
6.54 296
8.5 297
11.79 298
11.04 299
15.63 300
15.92 301
11.96 302
20.75 303
12.75 304
10.46 305
6.04 306
6.83 307
10.92 308
19.75 309
8.29 310
3.5 311
4.42 312
12.58 313
16.25 314
14.75 315
5.5 316
7.29 317
13.7 318
9.42 319
10.41 320
18 321
16.46 322
10.37 323
10.54 324
8.42 325
8.38 326
12.96 327
11.17 328
4 329
5.96 330
5.09 331
4.88 332
7.41 333
4.71 334
8.42 335
12.96 336
10.13 337
4.79 338
8.96 339
4.17 340
13.13 341
23.67 342
20.25 343
12.67 344
16.42 345
19.67 346
14 347
20 348
28.91 349
16.54 350
9.59 351
15.92 352
9.87 353
16.08 354
10.41 355
5.71 356
9.33 357
4.92 358
7 359
12.38 360
11.92 361
7.79 362
13.62 363
28.79 364
27.79 365
23.45 1
20.75 2
13.83 3
8.54 4
13.08 5
20.91 6
16.75 7
16.83 8
21.67 9
19.38 10
9.79 11
3.96 12
5.21 13
10.46 14
9.17 15
12.58 16
15.37 17
21.5 18
23.79 19
19.62 20
13.83 21
11.92 22
2.17 23
3.04 24
8.92 25
8.38 26
1.63 27
1.33 28
7.41 29
19.62 30
11.83 31
14.04 32
15.16 33
8.67 34
9.13 35
22 36
20.25 37
11.83 38
10.37 39
16.88 40
15.67 41
6.79 42
5.21 43
12.83 44
19.17 45
15.5 46
13.54 47
7.83 48
10.34 49
14.54 50
9.92 51
8.5 52
5.5 53
9.33 54
13.75 55
11.46 56
19.25 57
12.5 58
16.46 59
16.21 60
15.83 61
14.46 62
14.42 63
20.21 64
9.96 65
17.88 66
17.5 67
13.33 68
17.33 69
5.66 70
6.67 71
11.46 72
13.92 73
14.25 74
16.62 75
13.17 76
12.42 77
9.54 78
7.54 79
4.33 80
4.17 81
4.79 82
19.75 83
19.55 84
7.62 85
13.92 86
9.83 87
8.67 88
9.38 89
6.83 90
11.79 91
8.96 92
8.71 93
13 94
20.04 95
20.5 96
18.5 97
10.41 98
11.67 99
7.25 100
9.54 101
16 102
15.21 103
16.46 104
8.87 105
9.67 106
8 107
9.92 108
9.5 109
21.54 110
19.58 111
13.42 112
6 113
6.67 114
4.83 115
5.71 116
12.12 117
11.42 118
11.75 119
12.33 120
14.46 121
15.37 122
12.96 123
13.37 124
14.96 125
13.67 126
18.75 127
11.67 128
13.88 129
23.09 130
12.25 131
15.59 132
20.33 133
13.42 134
12.83 135
14.42 136
13.96 137
19.33 138
11.38 139
14.5 140
7.21 141
7.62 142
7 143
4.96 144
8.38 145
9.29 146
5.13 147
5.63 148
10.92 149
8.25 150
6.13 151
10.92 152
14.46 153
17.67 154
9.79 155
6 156
6.29 157
3.58 158
4.25 159
8.38 160
5.75 161
2.92 162
4.25 163
4.92 164
4.83 165
7.17 166
8.29 167
5.88 168
17.83 169
8.92 170
8.67 171
10.34 172
11.83 173
11.87 174
12.04 175
8.17 176
12.71 177
13.04 178
12.17 179
13.5 180
11.58 181
8.54 182
5.09 183
6.46 184
8.5 185
5.17 186
2.67 187
6.46 188
10.92 189
13.96 190
8.17 191
4.46 192
4.79 193
5.54 194
14.71 195
12.04 196
10.29 197
9.75 198
6.5 199
10.04 200
6.5 201
7.29 202
6.5 203
7.87 204
11.17 205
11 206
6.5 207
5.5 208
5.91 209
8.21 210
4.33 211
4.33 212
5.41 213
4.08 214
2.62 215
3.13 216
10.5 217
7 218
12.58 219
13.5 220
7.96 221
14.09 222
11.25 223
8.38 224
6.58 225
6.67 226
9.21 227
17.67 228
15.67 229
6.92 230
7.79 231
11.08 232
9.46 233
7.62 234
13.13 235
13.59 236
9 237
19.62 238
14.62 239
7.41 240
8.33 241
11.12 242
9.59 243
10.34 244
8.96 245
11.25 246
5.96 247
9.25 248
10.34 249
14.67 250
13.13 251
14.04 252
3.71 253
2.54 254
4.29 255
9.79 256
9.33 257
5.91 258
4.75 259
7.83 260
5.41 261
6.75 262
5.5 263
2.54 264
3.21 265
5.09 266
14.67 267
13.37 268
23.04 269
15 270
10.17 271
17.88 272
12.5 273
15.71 274
10.54 275
14.21 276
14.25 277
9.04 278
8.71 279
11.17 280
14.33 281
15.25 282
14.42 283
9.83 284
9.42 285
14.21 286
3.83 287
11.67 288
7.46 289
10.37 290
12.96 291
15.09 292
13.42 293
13.88 294
9.79 295
12.92 296
4.83 297
6.04 298
11.21 299
15.37 300
12.04 301
8.21 302
15.92 303
5.25 304
8.25 305
6 306
7.33 307
16.13 308
11.12 309
3 310
7.62 311
13 312
6.58 313
19.83 314
18.29 315
25.92 316
14.42 317
12.08 318
2.92 319
6.29 320
13.75 321
22.5 322
10.08 323
7.17 324
24.71 325
10.21 326
13.17 327
14.62 328
18.41 329
14.42 330
5.91 331
10.41 332
6.46 333
6.42 334
13.79 335
16 336
21.29 337
16.08 338
10.71 339
13.21 340
8.92 341
1.83 342
3.46 343
12.17 344
17.54 345
16.96 346
13.04 347
9.08 348
6.5 349
4.92 350
6.42 351
7.5 352
10.58 353
8.38 354
10.88 355
6.63 356
12.08 357
18.08 358
12.21 359
8.29 360
10.54 361
12.87 362
14.29 363
17.29 364
18.29 365
14.12 1
22.63 2
16.13 3
6.5 4
3.67 5
2.54 6
2.92 7
4.08 8
2.67 9
2.71 10
4.42 11
7.54 12
15.04 13
8.71 14
11.12 15
11.34 16
12.25 17
15.29 18
2.62 19
7.58 20
1.92 21
3 22
9.92 23
6.34 24
9.08 25
7.12 26
11.08 27
15.87 28
17.25 29
19 30
22.92 31
17.67 32
15.34 33
16.79 34
15.5 35
7.25 36
5.63 37
5.88 38
7.21 39
7.54 40
10.83 41
8.5 42
9.67 43
20.3 44
17.04 45
13.88 46
12.96 47
12.83 48
24 49
16.38 50
9.67 51
18.29 52
19.25 53
8.92 54
15.04 55
11.08 56
16.25 57
13.79 58
8.46 59
5.88 60
8.87 61
6.04 62
4.83 63
7.83 64
7.67 65
5.88 66
10.08 67
9.5 68
10.29 69
10.67 70
15.16 71
15.37 72
12.87 73
13.21 74
6.54 75
17.41 76
23.13 77
22.54 78
15.37 79
11.34 80
8.71 81
6.08 82
11 83
7.58 84
15.37 85
6 86
9.67 87
8.92 88
7.71 89
7.71 90
10.58 91
12.04 92
10.63 93
11.83 94
12.75 95
6.58 96
7.33 97
7.29 98
11.63 99
18.05 100
8.54 101
10.04 102
14.37 103
15.96 104
19.04 105
10.71 106
9.17 107
12.79 108
12.87 109
4.75 110
9.25 111
5.41 112
9.04 113
9.79 114
7.83 115
12.29 116
7.21 117
11.42 118
11.63 119
15.09 120
14.5 121
11.08 122
9.79 123
20.08 124
19.41 125
15.54 126
9.75 127
16.66 128
19.7 129
15.96 130
15.92 131
15.04 132
14.37 133
11.54 134
9.92 135
5.25 136
5.66 137
7.08 138
13.46 139
7.33 140
7.54 141
6.96 142
10.71 143
10.92 144
11.08 145
11.29 146
6.13 147
8.87 148
10.54 149
8.17 150
3.08 151
13.54 152
17.37 153
10.67 154
7.67 155
15.5 156
11.12 157
8.25 158
10.04 159
10.71 160
8.58 161
9.62 162
11.21 163
6.75 164
8.63 165
13.25 166
15.37 167
13.21 168
6.17 169
5.91 170
13.25 171
10.25 172
8.96 173
3.67 174
4.63 175
4.29 176
3.92 177
8 178
10.41 179
5.21 180
8.92 181
14.88 182
7.92 183
9.87 184
6.58 185
5.21 186
8.42 187
6.42 188
19.41 189
16.21 190
14.5 191
12.25 192
13.42 193
6.54 194
9.54 195
13.54 196
11.58 197
4.29 198
4.08 199
4.63 200
7.79 201
2.5 202
1.96 203
4.63 204
6.83 205
9.96 206
8.17 207
3.96 208
15.09 209
11.96 210
6.71 211
10.13 212
13.79 213
16.54 214
14.04 215
8.71 216
4.42 217
7.67 218
6.83 219
9.21 220
6.96 221
4.88 222
3.08 223
3.63 224
2.46 225
5.09 226
3.04 227
2.79 228
7.08 229
13.42 230
15.09 231
10.67 232
5.71 233
4.25 234
9.42 235
13.62 236
15.34 237
13 238
8.04 239
7.12 240
11.34 241
9.25 242
4.38 243
7.21 244
11.29 245
10 246
2.04 247
2.46 248
5.63 249
8.58 250
10.37 251
12.33 252
13.29 253
14.58 254
10.75 255
4.5 256
9.17 257
9.42 258
10.13 259
8.08 260
9.29 261
10.75 262
15.12 263
10.17 264
8.33 265
14.21 266
6.83 267
15.04 268
10.58 269
9.08 270
6.25 271
6.87 272
5.88 273
3.67 274
3.08 275
6.96 276
7.67 277
6.87 278
10.41 279
16.46 280
18.71 281
14.83 282
7.12 283
15.37 284
8.71 285
6.75 286
9.08 287
9.13 288
12.04 289
10.13 290
5.58 291
4.17 292
5.17 293
5.75 294
5.25 295
12 296
14.71 297
10.37 298
6.25 299
6.25 300
2.54 301
2.46 302
1.92 303
1.75 304
6.21 305
2.46 306
6.17 307
8.54 308
9.67 309
8 310
5.88 311
9.21 312
7.71 313
3.46 314
2.96 315
8.96 316
14.04 317
16.13 318
24.08 319
17.88 320
17.33 321
9.62 322
12.42 323
11.29 324
9.25 325
6.46 326
11.63 327
13.54 328
18.16 329
8.5 330
13.21 331
16.08 332
15.41 333
14.71 334
11.12 335
12.42 336
15.04 337
15.79 338
9.54 339
16.42 340
19.38 341
16.75 342
20.88 343
13.54 344
7.17 345
14 346
12.75 347
15.71 348
8.87 349
7.83 350
9.87 351
8.21 352
3.21 353
6.29 354
10.21 355
14.37 356
15.04 357
10.34 358
10.17 359
10.79 360
8.71 361
10.37 362
6.96 363
17.88 364
20.3 365
19.83 366
10.25 1
7.79 2
8.63 3
7.71 4
7.62 5
14.79 6
13.17 7
13.21 8
21.84 9
19.62 10
18.12 11
17.21 12
23.45 13
20.12 14
17.08 15
18.84 16
28.5 17
16.96 18
10.63 19
20.12 20
10.63 21
11.34 22
9.92 23
5.58 24
5.5 25
8.87 26
9.33 27
10.29 28
13.29 29
15.09 30
13.88 31
8.63 32
8.83 33
4.21 34
3.63 35
5.66 36
4.79 37
9.38 38
4.79 39
6 40
7.29 41
12.87 42
21.04 43
18.63 44
9.29 45
8.33 46
5.88 47
9.42 48
4.25 49
13.46 50
15.92 51
11.83 52
10 53
7.41 54
12.42 55
4.79 56
10.83 57
8.46 58
11 59
17.33 60
8.79 61
14.83 62
22.46 63
11.54 64
8.46 65
10.63 66
8.46 67
9.33 68
18.34 69
12.42 70
13.17 71
8.58 72
9.21 73
15.92 74
20.3 75
6.63 76
12.96 77
7.12 78
12.58 79
12.08 80
8.38 81
10.5 82
14.04 83
17.12 84
14.04 85
16.66 86
7.41 87
5.71 88
10.83 89
10.67 90
8.67 91
8.12 92
8.71 93
11.34 94
4.88 95
9.17 96
8.08 97
9.92 98
12.17 99
18 100
19.55 101
18.66 102
10.37 103
12.46 104
15.34 105
16.21 106
27.08 107
21.87 108
20.38 109
8.04 110
7.5 111
4.79 112
8.67 113
8.08 114
10.88 115
21.5 116
12.21 117
8.33 118
6.92 119
10.25 120
12.12 121
14 122
7.46 123
11 124
15.25 125
7.08 126
11.58 127
17.46 128
15.25 129
4.79 130
3.79 131
8.46 132
7.41 133
3.37 134
3.25 135
5.88 136
6.83 137
9.87 138
4.08 139
7.17 140
12.62 141
10.21 142
12.83 143
8.96 144
7.87 145
9.54 146
12.38 147
9.13 148
8.5 149
9.17 150
7.33 151
4.17 152
1.83 153
3.79 154
6.5 155
3.46 156
4.58 157
2.5 158
4.42 159
3.54 160
4.42 161
6.29 162
5.46 163
8.5 164
7.17 165
15.67 166
11.17 167
13.42 168
24.21 169
13.83 170
13.46 171
5.17 172
10.92 173
21.04 174
16.92 175
15.12 176
17 177
8.83 178
11.63 179
4.12 180
8.5 181
8.54 182
10.17 183
9.38 184
7.79 185
9.92 186
4.88 187
7.75 188
9.42 189
7.04 190
8.04 191
10.08 192
5.71 193
4.5 194
5.96 195
8.04 196
5.41 197
4.88 198
10.46 199
8.83 200
4.79 201
7.21 202
4.79 203
6.96 204
10.96 205
7.79 206
10.67 207
12.96 208
14.09 209
18.71 210
5.33 211
13.29 212
9.92 213
7.71 214
5.63 215
11.92 216
17.54 217
12.33 218
8.63 219
3.58 220
6.54 221
9.75 222
11.08 223
11.17 224
6.5 225
7.12 226
7.21 227
4.21 228
7.87 229
12.67 230
10.96 231
14.17 232
14.88 233
16.83 234
11.87 235
16.42 236
15.71 237
7.79 238
8.58 239
16.92 240
15.25 241
11.87 242
9.87 243
7.75 244
3.29 245
10.63 246
13.54 247
11.29 248
3.96 249
5.33 250
7.29 251
16.33 252
14.21 253
10.92 254
3.42 255
2.71 256
4.25 257
6.42 258
9.54 259
12.71 260
13.04 261
9.25 262
9.54 263
12.21 264
8.25 265
4.21 266
5.96 267
4.29 268
3.42 269
5.37 270
2.5 271
11.63 272
15.63 273
8 274
4.67 275
9.79 276
6.79 277
2.13 278
0.42 279
4.96 280
10.71 281
11.79 282
9.04 283
4 284
3 285
3.29 286
6.75 287
10.08 288
5.29 289
4.96 290
5.33 291
9.21 292
10.46 293
11.87 294
8.96 295
7.87 296
6.83 297
7.17 298
6.08 299
17 300
20 301
15.12 302
21.62 303
19.21 304
29.17 305
12.04 306
11.42 307
6.04 308
4.83 309
16 310
11.58 311
9.59 312
9.38 313
6.96 314
14.83 315
6.75 316
8.5 317
11.63 318
11.34 319
27.58 320
25.33 321
15.92 322
9.75 323
15.75 324
10.75 325
10.67 326
20 327
7.46 328
13.75 329
9.33 330
16.33 331
9.5 332
20.33 333
19.38 334
9.96 335
19.25 336
15.96 337
6.46 338
15.63 339
18.63 340
11 341
13.46 342
24 343
14.29 344
11.54 345
8.92 346
14.29 347
11.63 348
8.54 349
8.21 350
17.92 351
7.5 352
11.71 353
8.96 354
9.42 355
9.38 356
11.04 357
7.12 358
7.38 359
5.79 360
6.38 361
6.58 362
12.5 363
17.41 364
9.59 365
21.79 1
17.46 2
7.83 3
15.46 4
12.83 5
10.96 6
10.5 7
12.5 8
13.37 9
19.21 10
19.55 11
16.46 12
12.29 13
10.83 14
6.29 15
4.71 16
2.79 17
8.5 18
14.33 19
12.33 20
4.75 21
8.54 22
1.13 23
8.08 24
20.46 25
19.08 26
12.25 27
17.46 28
16.79 29
14.33 30
3.79 31
13.75 32
13.54 33
10.96 34
10.96 35
19.33 36
10.63 37
8.04 38
4.58 39
6.13 40
13.29 41
11.42 42
12.67 43
11.63 44
12.42 45
16.46 46
10.96 47
13.7 48
13.59 49
10.04 50
11.92 51
8.71 52
13.59 53
17.79 54
12 55
21.84 56
22.95 57
23.63 58
14.79 59
9.38 60
13.92 61
10.46 62
9.71 63
10.29 64
12.17 65
16.04 66
9.04 67
16.13 68
22.29 69
20.62 70
11.25 71
11.21 72
8.63 73
8.21 74
6.87 75
14.83 76
7.21 77
5.25 78
8.87 79
9.96 80
13.17 81
20.54 82
20.83 83
10.92 84
21.29 85
28.62 86
14.54 87
10.92 88
13.59 89
12.08 90
14.42 91
11.25 92
10.58 93
21.25 94
17.37 95
4.88 96
9.33 97
11.42 98
18.63 99
10.41 100
14.21 101
17.71 102
24.71 103
21.79 104
20.62 105
10.41 106
10.71 107
16.66 108
11.71 109
11.96 110
7.87 111
15.29 112
12.96 113
11.08 114
9.21 115
13.75 116
20.88 117
13.54 118
13.29 119
4.75 120
4.54 121
1.96 122
7.38 123
15.34 124
11.34 125
16 126
9.38 127
5.96 128
12.62 129
10.5 130
6.34 131
5.79 132
11.54 133
11.79 134
6.25 135
6.75 136
9.87 137
9.17 138
12 139
9.25 140
15.96 141
24.41 142
15.04 143
10.75 144
14.96 145
11.38 146
8.17 147
6.54 148
5.66 149
2.62 150
0.83 151
4.54 152
4.79 153
8.58 154
16.54 155
10.41 156
5.33 157
2.5 158
5.04 159
7.96 160
12.08 161
7.04 162
2.5 163
2.29 164
5.17 165
8.67 166
10.34 167
8.63 168
5.58 169
6.34 170
4.21 171
4.71 172
3.63 173
8.92 174
14.42 175
9.71 176
10.75 177
17 178
11.12 179
4.46 180
6.42 181
3.71 182
4.83 183
2.88 184
1.46 185
1.63 186
6.96 187
6.79 188
5.83 189
7.67 190
7.5 191
7.58 192
13.79 193
14.83 194
10.08 195
10.25 196
6.17 197
4.75 198
1.38 199
5.46 200
9.38 201
7.17 202
7.79 203
13.21 204
12.46 205
9.42 206
10.04 207
5.46 208
11.21 209
10.71 210
13.17 211
3.33 212
5.41 213
5.41 214
7.08 215
10.63 216
9.5 217
3.17 218
5.83 219
8.25 220
12.79 221
17.46 222
8.58 223
6.54 224
9.67 225
2.88 226
4.17 227
8.87 228
7 229
3.08 230
4.63 231
3.46 232
8.46 233
6.58 234
3.21 235
5.09 236
6.38 237
9.17 238
8.17 239
8.96 240
10.25 241
6.58 242
6.13 243
7.62 244
12.5 245
14.37 246
14.67 247
15.67 248
16.38 249
6.75 250
3.83 251
7.96 252
11.96 253
3.96 254
13.04 255
15.41 256
18.21 257
16.29 258
6.13 259
2.04 260
1.71 261
1.21 262
1.71 263
1.83 264
2.71 265
3.63 266
2.33 267
3.88 268
1.87 269
4.79 270
3.88 271
0.42 272
2.33 273
4.25 274
4.33 275
21.29 276
17.79 277
7.58 278
9.71 279
2 280
4.42 281
3.79 282
2.83 283
7.12 284
13.17 285
4.75 286
2.83 287
5.79 288
5.63 289
11.96 290
10.13 291
5.88 292
8.5 293
9.67 294
5.91 295
8.12 296
7.62 297
6 298
11.08 299
14.79 300
7.75 301
5.88 302
5.46 303
9.92 304
18.58 305
13.79 306
5.17 307
5.63 308
17.67 309
19.87 310
6.17 311
7.38 312
8.71 313
6.75 314
7.96 315
11.17 316
11.42 317
12.12 318
23.09 319
21.87 320
13.92 321
8.42 322
2.92 323
3.54 324
6.71 325
8.17 326
5.33 327
7.96 328
12.12 329
14.79 330
16.75 331
15.37 332
19.38 333
21.75 334
30.37 335
28.16 336
14.5 337
11.75 338
14.96 339
12.21 340
15.09 341
25.12 342
23.75 343
14.58 344
11.21 345
20.04 346
13.33 347
9.87 348
11.29 349
14.25 350
26 351
18.5 352
23.04 353
12.58 354
17.16 355
17.37 356
16.88 357
10.67 358
4.96 359
10.41 360
9.67 361
9.62 362
16.5 363
5.25 364
13.5 365
11.38 1
8.29 2
5.66 3
5.63 4
6.87 5
10.63 6
8.63 7
6.34 8
7.33 9
11 10
9.59 11
9.54 12
9.96 13
6.21 14
3.92 15
7.75 16
14.79 17
9 18
13.67 19
10.21 20
13.54 21
13.29 22
10.08 23
6.71 24
11.79 25
7.75 26
12.38 27
9.25 28
13.13 29
12.92 30
16.17 31
14.67 32
16.88 33
20.12 34
10 35
9.96 36
10.41 37
7.96 38
6.25 39
5.66 40
4.5 41
9.38 42
11 43
12.54 44
14.62 45
26.54 46
7.17 47
4.54 48
10.5 49
19.08 50
14.83 51
16.17 52
11.34 53
16.33 54
15.09 55
12.04 56
13.75 57
22.08 58
23.04 59
20.88 60
21.92 61
18.71 62
14.71 63
15.46 64
19.17 65
16.75 66
9.25 67
13.5 68
22.83 69
26.54 70
11.92 71
16.71 72
22.29 73
17.92 74
14.71 75
25.25 76
17.08 77
19.95 78
17.21 79
20.38 80
17.04 81
15.04 82
16.29 83
17.12 84
20.38 85
19.62 86
18.16 87
15.09 88
11.5 89
6.96 90
11.87 91
15.09 92
13.54 93
15.83 94
19.67 95
18.54 96
15.92 97
15.16 98
18.05 99
17.12 100
11.83 101
7.79 102
8.71 103
4.54 104
9.38 105
6.29 106
12.79 107
7.08 108
17.71 109
18.12 110
12.33 111
10.88 112
7.5 113
10.71 114
6.83 115
9.38 116
7.38 117
6.46 118
5.58 119
13.13 120
13.83 121
8.75 122
16.46 123
17.58 124
15.29 125
9.21 126
9.29 127
10.71 128
6.46 129
2.29 130
9.5 131
12.71 132
12.67 133
9.83 134
15.09 135
7.79 136
8.5 137
9.5 138
15.09 139
18.58 140
14.62 141
16.83 142
11.34 143
12.79 144
8.83 145
9 146
3.63 147
4.25 148
6.29 149
2.83 150
4.79 151
3.88 152
5.09 153
10 154
8.75 155
10.88 156
16.38 157
8.67 158
6.13 159
8.17 160
3.92 161
5 162
4.96 163
2.75 164
4.67 165
1.79 166
2.46 167
3.04 168
2.79 169
8.63 170
15.16 171
11.34 172
8.33 173
6.08 174
7.92 175
6.21 176
3.54 177
5.37 178
14.42 179
12.17 180
6.5 181
6 182
11.58 183
13.29 184
4.96 185
5.83 186
8.46 187
9.25 188
12.58 189
10 190
8.25 191
4.25 192
3.46 193
5.5 194
5 195
5.5 196
7.04 197
4.71 198
7.12 199
6.63 200
6.25 201
4.04 202
3.21 203
3.54 204
11.29 205
7.12 206
10.71 207
6.25 208
7.58 209
8.08 210
8.12 211
3.83 212
7.62 213
5.5 214
11.46 215
11.71 216
6.71 217
6.42 218
11.63 219
7.38 220
4.5 221
4.88 222
11.5 223
15.71 224
9.21 225
15.5 226
11.54 227
10.96 228
8.75 229
9.83 230
4.33 231
3.37 232
5.17 233
3.54 234
3.92 235
2.83 236
3.79 237
4.54 238
4.71 239
5.71 240
10.54 241
12.96 242
3.96 243
8.87 244
15 245
19.67 246
14.54 247
22.34 248
12.75 249
5.41 250
4.54 251
5.79 252
3.5 253
9.46 254
8.58 255
3.67 256
1.83 257
2.96 258
4.25 259
9.62 260
10.08 261
11.46 262
9.33 263
7.83 264
4.92 265
10.08 266
11 267
11.75 268
9.54 269
9.33 270
11.21 271
7.21 272
17.83 273
15.34 274
15.92 275
18 276
15.09 277
6.83 278
13.46 279
15.5 280
11.38 281
14.58 282
4.42 283
10 284
8.38 285
15.67 286
19.33 287
13.25 288
9.42 289
16.21 290
10.04 291
14.29 292
14.42 293
7.38 294
7.25 295
11.71 296
10.34 297
21.29 298
22 299
7.75 300
11.79 301
10.04 302
8.29 303
14.46 304
11.29 305
19.12 306
10.67 307
7.17 308
12.79 309
10.34 310
5.91 311
4.46 312
10.83 313
12.54 314
17.62 315
5.5 316
12.38 317
14.92 318
14.58 319
6.54 320
2.17 321
3.04 322
2.71 323
0.58 324
3.83 325
4.25 326
0.54 327
3.42 328
8.87 329
9.29 330
11.08 331
17.88 332
13.88 333
11.29 334
5.88 335
4.83 336
10.17 337
16.62 338
19.75 339
12.25 340
12.62 341
15.79 342
12.29 343
8.83 344
12.83 345
10.29 346
6.67 347
9.21 348
16.21 349
6.13 350
1.63 351
8.04 352
10.34 353
10.58 354
14.88 355
18.41 356
18.88 357
14.17 358
19.25 359
10.08 360
16.13 361
16.25 362
10.63 363
14.58 364
11.75 365
18.16 1
12.67 2
17 3
7.71 4
9.75 5
9.87 6
7.12 7
18 8
14.88 9
10.96 10
4.42 11
10 12
10 13
22.04 14
19.41 15
15.54 16
20.12 17
16.42 18
8.08 19
3.46 20
0.46 21
0.54 22
8.75 23
13.04 24
19.79 25
14.5 26
12.29 27
8.75 28
17.62 29
16.92 30
16 31
15.59 32
13.46 33
9.29 34
15.04 35
6.67 36
8.71 37
5.63 38
1.75 39
3.88 40
10.04 41
14.71 42
6.42 43
9.92 44
14.71 45
5.71 46
6.17 47
7.58 48
3.63 49
3 50
2.37 51
12.12 52
14.92 53
8.46 54
8.29 55
9.87 56
4.83 57
6.21 58
11.83 59
5.54 60
4.63 61
7.08 62
7.54 63
10.75 64
16.92 65
16.92 66
10.75 67
5.79 68
8.12 69
11.08 70
11.34 71
6.25 72
15.71 73
13.04 74
14.5 75
19.95 76
24.5 77
21.09 78
18.66 79
11.25 80
7.67 81
13.29 82
13.62 83
4 84
13.67 85
20.5 86
19.79 87
6.04 88
6.38 89
8.5 90
16.71 91
21.12 92
17 93
13.29 94
6.58 95
10.08 96
9.33 97
5.71 98
4.63 99
4.96 100
4.83 101
5.75 102
8.5 103
7.38 104
11.75 105
11.17 106
11 107
14.29 108
11.46 109
10.58 110
8.38 111
3.17 112
7.96 113
7.58 114
6.17 115
5.66 116
12.62 117
8.17 118
9.29 119
4.17 120
6.21 121
3.88 122
3.17 123
6.96 124
3.63 125
6.92 126
15.96 127
7.33 128
13.5 129
9.96 130
16.25 131
12 132
11.83 133
5.58 134
6.92 135
16.58 136
8.79 137
4.46 138
5.37 139
3.33 140
5.29 141
3.92 142
4.12 143
5.04 144
10.08 145
3.46 146
3.67 147
3.29 148
3 149
4.25 150
4.63 151
3.04 152
4.96 153
4.54 154
3.29 155
7.83 156
6.13 157
11.08 158
6.5 159
3.54 160
2.96 161
1.87 162
4.67 163
3.67 164
3.33 165
5.33 166
3.42 167
3.13 168
5.13 169
5.96 170
5.41 171
9.38 172
10.41 173
6 174
13.75 175
8 176
11.75 177
7.12 178
5.37 179
8.21 180
9.13 181
12 182
2.71 183
12.38 184
15.67 185
7.96 186
3.13 187
2.42 188
4.12 189
3.79 190
3.46 191
10.17 192
6.67 193
5.25 194
8.08 195
12.12 196
11.08 197
10.04 198
4.58 199
2.46 200
5.37 201
4.46 202
2.83 203
8.87 204
7.04 205
2.42 206
2.25 207
4.54 208
2.13 209
3.04 210
5.96 211
2.96 212
2.37 213
3.63 214
2.58 215
2.42 216
2.71 217
6.13 218
7.04 219
7.87 220
8.83 221
7.38 222
2.83 223
5.29 224
5.96 225
13.33 226
10.37 227
6.46 228
4.88 229
7.41 230
9.33 231
10.46 232
10 233
6.38 234
6.08 235
4.46 236
8.46 237
7.25 238
7.46 239
6.25 240
5.13 241
6 242
8.54 243
8.42 244
4 245
6.42 246
7.38 247
5.5 248
10.41 249
5.75 250
7.38 251
10.13 252
13.42 253
4.92 254
3.46 255
2.46 256
1.42 257
11.04 258
14.96 259
10.79 260
4.17 261
5.13 262
13.29 263
18.75 264
13.59 265
8.29 266
14.37 267
8.96 268
8 269
9.67 270
16.92 271
17.33 272
13.54 273
12.83 274
17.33 275
14 276
5.46 277
4.79 278
2.04 279
4.46 280
1.75 281
3.21 282
8.17 283
12.58 284
14.42 285
20.41 286
16.46 287
9.71 288
11.08 289
12.08 290
7.62 291
15.59 292
13.88 293
7.5 294
3.04 295
1.21 296
8.96 297
6.04 298
1.13 299
3.54 300
4.63 301
9.29 302
9.04 303
6.42 304
3.25 305
8.92 306
20.33 307
9.59 308
6.38 309
15.12 310
16.75 311
17.67 312
9.71 313
9.87 314
17.96 315
7.38 316
17.75 317
16.33 318
14.12 319
12.58 320
4.04 321
3.83 322
1.54 323
9.08 324
11.96 325
10.88 326
10.08 327
12.38 328
11.83 329
14.09 330
4.04 331
5.5 332
5.09 333
10.92 334
8.67 335
12.42 336
10.04 337
11.63 338
1.63 339
8.29 340
8.96 341
6.46 342
5.83 343
10.63 344
6.71 345
2.29 346
7.5 347
12.04 348
1.96 349
10.29 350
4.5 351
20.88 352
17.37 353
6.87 354
7.5 355
9.42 356
24.62 357
9.25 358
9.42 359
9.59 360
7.83 361
9.87 362
10.46 363
10.83 364
7.58 365
6.83 366
8.5 1
7.75 2
7.96 3
11.25 4
7.67 5
10.63 6
13.46 7
8.38 8
14.92 9
12.04 10
4.42 11
10.29 12
3 13
6 14
4.12 15
17.29 16
14.04 17
17.12 18
8.42 19
12.54 20
5.04 21
3.42 22
3.42 23
8.92 24
14.09 25
12.33 26
12.46 27
5.13 28
9.92 29
19.55 30
12.29 31
15.29 32
11.5 33
8.92 34
6.75 35
10.79 36
17.5 37
16.08 38
11.71 39
9.67 40
8.67 41
17.58 42
12.17 43
8.08 44
7.08 45
6.34 46
4.58 47
4.08 48
10.88 49
27.71 50
21.67 51
14.29 52
17.21 53
8.25 54
5.91 55
1.08 56
4.92 57
6.38 58
12.46 59
8.67 60
7.62 61
6.83 62
11.21 63
7.17 64
2.62 65
1.08 66
7.96 67
9 68
3.92 69
8.5 70
11.58 71
15.34 72
5.33 73
5.75 74
16.17 75
15 76
14.67 77
7.33 78
4.08 79
9.5 80
14.92 81
9.75 82
7.04 83
6.5 84
5.37 85
5.33 86
10.54 87
13.17 88
14.54 89
18.5 90
9.42 91
5.46 92
4.96 93
3.42 94
7.87 95
13.75 96
6.38 97
5.04 98
14.37 99
9.59 100
17.62 101
19.04 102
9.96 103
14.5 104
17.16 105
9.87 106
3.71 107
8.67 108
6.92 109
7.41 110
12.83 111
12.71 112
8.67 113
9.25 114
14.29 115
4.17 116
10.25 117
6.17 118
4.71 119
3.33 120
4.08 121
11.38 122
5.71 123
4.08 124
2.83 125
2.04 126
4.71 127
6.87 128
9.42 129
8.58 130
2.29 131
5.66 132
5.46 133
7.54 134
4.21 135
10.29 136
6.71 137
12.46 138
3.92 139
1.96 140
4.17 141
3.25 142
7.96 143
9.96 144
7.12 145
5.17 146
7.62 147
6.79 148
8.29 149
8.42 150
6.63 151
4.71 152
9.62 153
8.58 154
3.42 155
2.96 156
0.21 157
4.42 158
2.88 159
3.75 160
6.5 161
3.29 162
2.92 163
3.79 164
4.63 165
10.46 166
10.37 167
11.29 168
8.29 169
13.42 170
11.04 171
9.38 172
4.17 173
3.63 174
7 175
5.71 176
9.83 177
9.54 178
5.37 179
5.96 180
6.25 181
7.92 182
6 183
4.21 184
12.96 185
9.17 186
7.08 187
12.21 188
8.17 189
7.62 190
12.38 191
13.92 192
8.92 193
6.67 194
2.42 195
3.71 196
9 197
7.87 198
12.25 199
16.25 200
9.59 201
8 202
10.71 203
3.5 204
2.71 205
7.96 206
1.5 207
4.71 208
3.42 209
8.42 210
7.21 211
7.04 212
2.5 213
6.63 214
8 215
9.59 216
7.12 217
5.63 218
8.21 219
5.58 220
1.54 221
5.5 222
6.17 223
7.21 224
2.79 225
2.42 226
0.71 227
3.5 228
3.96 229
4.92 230
10.08 231
13.59 232
10.21 233
10.79 234
9.54 235
7.87 236
12.17 237
15.79 238
13 239
8.92 240
5.91 241
5.21 242
4.12 243
6.34 244
2.08 245
3.83 246
3.5 247
4.92 248
2.17 249
2.42 250
4 251
10.04 252
5.25 253
6.83 254
1.92 255
3.25 256
9.21 257
6.92 258
7.71 259
3.75 260
3.79 261
3.54 262
10.5 263
16.17 264
7.38 265
10.37 266
10.13 267
9.96 268
17.12 269
6.46 270
16.92 271
5.75 272
11.38 273
7.33 274
16.42 275
7.38 276
8.08 277
7.25 278
8.04 279
10.79 280
14 281
4.25 282
1.17 283
3.58 284
10.63 285
11.92 286
11.5 287
16.13 288
9.87 289
14.37 290
4.33 291
1.04 292
1.38 293
1.5 294
3.33 295
13.88 296
13.42 297
12.54 298
9.29 299
4.04 300
8.25 301
7.46 302
11.58 303
8.25 304
13.37 305
19.41 306
4.75 307
10 308
9.67 309
2.88 310
11.29 311
18.16 312
10.71 313
12.87 314
5.79 315
7.04 316
5.41 317
4.29 318
9.79 319
11.96 320
10.25 321
16.25 322
19.25 323
11.96 324
2.96 325
2.58 326
14.96 327
8.92 328
9.5 329
8.21 330
13.17 331
12.38 332
9.5 333
7.71 334
8.96 335
12.87 336
12.21 337
7.21 338
8 339
11.04 340
15.54 341
7.25 342
5.5 343
7.5 344
5.66 345
2.88 346
11.34 347
14.92 348
12.92 349
7.12 350
17.67 351
10.13 352
11.79 353
8.75 354
14.46 355
13.33 356
10.5 357
4.96 358
6.21 359
5.25 360
3.04 361
9.71 362
14.29 363
16.79 364
14.58 365
9 1
8.58 2
5.13 3
8.92 4
12.33 5
10.34 6
8.58 7
19.08 8
13.54 9
4.63 10
5.5 11
6.13 12
11.29 13
9.62 14
6 15
3.83 16
16.54 17
12.87 18
16.79 19
9.96 20
13.33 21
8.54 22
11.29 23
11.08 24
2.25 25
7.04 26
5.17 27
13.75 28
10.83 29
5.66 30
17.54 31
18.25 32
13.96 33
14.29 34
5.63 35
5.33 36
7.17 37
17.54 38
15.5 39
17 40
10.83 41
6.5 42
10.13 43
8.75 44
5.91 45
5.41 46
7.67 47
15.79 48
13.5 49
16.54 50
17.04 51
21.96 52
16.88 53
15.29 54
15.29 55
10.88 56
4.33 57
7.67 58
6.42 59
14.62 60
10.63 61
10.25 62
13.62 63
8.83 64
8.5 65
10.29 66
11.21 67
7.25 68
10.08 69
16.88 70
14.37 71
16.75 72
7.29 73
8.33 74
14.92 75
22.04 76
19.7 77
12.25 78
15.29 79
7.38 80
5.25 81
11.34 82
8.17 83
4.25 84
11.58 85
11.92 86
13.46 87
16.38 88
19 89
15.16 90
13.08 91
10.83 92
12.04 93
11.34 94
14.25 95
14.42 96
8 97
7.46 98
8.92 99
6.25 100
3.96 101
14.58 102
4.96 103
5.66 104
9.71 105
13.17 106
11.75 107
11 108
11.08 109
15.41 110
14.58 111
19.55 112
16.21 113
6.92 114
19.41 115
12.12 116
7.33 117
13.83 118
9.04 119
8.29 120
12.75 121
16.66 122
9.71 123
9.25 124
6.79 125
3.37 126
5.91 127
7.92 128
12.5 129
10.21 130
5.75 131
7.25 132
2.54 133
3.25 134
3.83 135
7.17 136
2.79 137
8.54 138
12.04 139
15.83 140
17.37 141
8.87 142
8.75 143
10.08 144
14.17 145
13.37 146
6.46 147
5.33 148
6.04 149
10.58 150
13.37 151
4.12 152
6.5 153
6.75 154
11.08 155
8.33 156
5.91 157
5.04 158
3.42 159
1.46 160
1.63 161
2.42 162
2.25 163
3.13 164
5.21 165
1.75 166
9.25 167
11.96 168
2 169
2.42 170
7.21 171
15.41 172
8.92 173
8.33 174
14.5 175
9.29 176
7.83 177
4.79 178
13.67 179
15.92 180
7.87 181
19.95 182
18.29 183
9.42 184
12.12 185
9 186
7.08 187
3.21 188
6.34 189
12.62 190
10.79 191
15.87 192
17.5 193
14.58 194
12.87 195
12.46 196
7.41 197
8.71 198
11.04 199
8.21 200
9.33 201
9.17 202
5.79 203
4.58 204
10.79 205
10.34 206
8.08 207
7.79 208
7.41 209
6.96 210
12.17 211
4.67 212
2.58 213
2.62 214
4.5 215
2.25 216
5.37 217
3.04 218
1.29 219
4.46 220
13.13 221
8.29 222
3.17 223
4.96 224
7.5 225
7.96 226
10.37 227
20.75 228
10.41 229
1.21 230
5.88 231
13.5 232
10.88 233
6.34 234
1.42 235
1.75 236
1.21 237
0.37 238
1.25 239
1 240
4.67 241
9.42 242
14.04 243
11.38 244
11.29 245
7.17 246
12.92 247
10.34 248
5.17 249
5.71 250
11.63 251
22.37 252
15.71 253
8.54 254
5.54 255
5.58 256
5.04 257
5.96 258
9.75 259
19.08 260
0.54 261
4 262
4.08 263
3.17 264
6.54 265
4.54 266
1.17 267
4.5 268
10.75 269
3.13 270
4.67 271
13.17 272
12.08 273
17.29 274
20.62 275
11.75 276
18.75 277
14.88 278
11.63 279
8.25 280
4.42 281
4.17 282
3.25 283
3.04 284
6.13 285
8.12 286
6.08 287
6.13 288
4.12 289
5.88 290
19.62 291
18.58 292
16.33 293
10.96 294
6.87 295
12.25 296
15.87 297
12.21 298
8.54 299
10.17 300
9.33 301
13.17 302
12.46 303
16.25 304
11.46 305
13.33 306
23.75 307
12.92 308
13.5 309
7.33 310
9.71 311
14.42 312
15.75 313
10.96 314
11.92 315
15.09 316
8.75 317
8.25 318
6.04 319
10.75 320
4.92 321
8.96 322
9.5 323
7.92 324
10.21 325
5.79 326
12 327
6.79 328
11.21 329
7.21 330
9.54 331
9.96 332
2.21 333
7.83 334
9.33 335
14.75 336
6.96 337
12.5 338
13.75 339
17.33 340
7.54 341
3.46 342
1.79 343
6.58 344
9.21 345
8.17 346
6.79 347
2.42 348
5.04 349
10.96 350
7.62 351
9.83 352
12.75 353
6.13 354
5.83 355
5.96 356
10.13 357
9.42 358
8.42 359
13.33 360
11.58 361
7.21 362
17.88 363
13.79 364
4.83 365
4.63 1
5.83 2
2.5 3
7.12 4
17.96 5
11.63 6
19.21 7
14.62 8
20.3 9
17.96 10
11.04 11
3.88 12
6.87 13
4.17 14
2 15
4.33 16
12.42 17
14.46 18
15.96 19
12.62 20
5.58 21
10 22
13 23
21.17 24
11.71 25
6.13 26
5.83 27
8.38 28
7.08 29
7.04 30
13.79 31
8.21 32
11.67 33
10.92 34
3.5 35
4.96 36
2.83 37
7.08 38
6.79 39
8.67 40
5.71 41
5 42
21.71 43
19.62 44
18.5 45
9.54 46
11.96 47
13.21 48
11.71 49
5.91 50
17.04 51
12.08 52
6.25 53
6.58 54
3.17 55
2.33 56
2.54 57
2.62 58
3.04 59
6.71 60
7.87 61
6.38 62
8.25 63
8.58 64
6.87 65
3.42 66
2.25 67
6.71 68
7 69
8.92 70
13.29 71
4.71 72
3.25 73
4.33 74
8.21 75
11.21 76
23.25 77
24.25 78
19.08 79
12.12 80
5.96 81
12.21 82
15.92 83
14.83 84
10.92 85
5.79 86
9.96 87
3.21 88
2.04 89
3.42 90
9.29 91
14.79 92
12.96 93
8.25 94
1.46 95
1.42 96
2.92 97
6.63 98
5.17 99
4.33 100
1.42 101
5.79 102
5.63 103
2.13 104
2.29 105
12 106
13.75 107
15.83 108
6.38 109
3.88 110
7.5 111
1.5 112
11.25 113
12.62 114
8.46 115
11.21 116
3.83 117
2.37 118
2.75 119
2.83 120
1.42 121
3.5 122
4.33 123
5.41 124
7.21 125
6.54 126
8.63 127
7.87 128
11.46 129
10.04 130
1.63 131
5.17 132
7.17 133
4.42 134
11.12 135
9.46 136
7.38 137
4.25 138
1.54 139
1.21 140
3.46 141
3 142
4.67 143
2.54 144
7.04 145
7.46 146
10.63 147
8.5 148
6.17 149
4.88 150
4.04 151
6.42 152
6.13 153
8.63 154
9.96 155
7.75 156
4.71 157
4 158
4.38 159
10.13 160
8.29 161
9.54 162
4.5 163
3.88 164
9.67 165
8.04 166
9.75 167
6.21 168
7.96 169
7.41 170
11.25 171
9.83 172
6.04 173
3.83 174
5.79 175
6.71 176
12.92 177
10.21 178
6.75 179
3.79 180
3.71 181
7.29 182
3.37 183
5.17 184
2.37 185
3.88 186
3.63 187
5.09 188
6.54 189
6.21 190
3.83 191
8.29 192
9.46 193
4.83 194
8.04 195
12.67 196
8.5 197
6.5 198
4.79 199
7.38 200
4.58 201
4.5 202
7.25 203
7.17 204
7.5 205
8.71 206
3 207
2.92 208
4.67 209
3.63 210
5.58 211
7.96 212
6.25 213
7.67 214
9.59 215
6.92 216
5.37 217
7.67 218
7.67 219
12.25 220
8.17 221
7.58 222
6.17 223
6.29 224
5.79 225
13.08 226
5.63 227
4.5 228
4.21 229
9.42 230
5.96 231
7.08 232
4.71 233
5.41 234
3.5 235
1.46 236
2.79 237
6.46 238
11.29 239
10.79 240
11.04 241
11.58 242
14.67 243
13.25 244
12.04 245
2.83 246
4.63 247
5.04 248
6.83 249
6.71 250
5.46 251
6.08 252
8.96 253
8.21 254
1.67 255
2.54 256
4.25 257
3.92 258
3.67 259
7.33 260
1.58 261
6.96 262
5.13 263
2.83 264
2 265
6 266
6.17 267
6.54 268
8.71 269
8.38 270
4.17 271
10.79 272
7.41 273
5.71 274
4.79 275
2.92 276
5.17 277
7.04 278
10.79 279
8.67 280
9.75 281
9.92 282
16.92 283
8.33 284
7.33 285
12.46 286
6.38 287
11.92 288
6.42 289
17 290
16.62 291
17.08 292
14.21 293
16.79 294
14.46 295
6.71 296
8.04 297
7.12 298
10.46 299
10.67 300
13.75 301
7.92 302
10.71 303
6.21 304
9.79 305
14.96 306
9 307
15.12 308
11.96 309
9.54 310
13.92 311
15.12 312
10.21 313
6.21 314
2.88 315
9.08 316
10 317
7.58 318
14.37 319
14.37 320
12.17 321
11.63 322
11.34 323
13.13 324
20.33 325
12.38 326
12.5 327
7.08 328
12.42 329
9.21 330
9.62 331
9.04 332
7.83 333
9.08 334
8.54 335
5.13 336
7.41 337
9.67 338
4.96 339
5.96 340
8.33 341
8.42 342
11.12 343
11.58 344
12.29 345
10.88 346
12.08 347
17.04 348
15.37 349
12.29 350
9.17 351
14.62 352
19.33 353
21.92 354
15.41 355
3.96 356
13.13 357
16.42 358
11.79 359
11.04 360
13.13 361
13.25 362
14.58 363
16.21 364
21.04 365
13 1
6.04 2
3.88 3
2.62 4
2.75 5
7.62 6
16.46 7
17 8
5.25 9
14.04 10
11.34 11
11.87 12
4.12 13
16.08 14
15.34 15
16.58 16
12.38 17
12.33 18
11.25 19
10.41 20
10.41 21
13.7 22
13 23
14 24
9.13 25
12.87 26
18.05 27
14.04 28
14.92 29
6.92 30
12.5 31
17.29 32
25.04 33
9.08 34
6.04 35
10.46 36
1.92 37
3.33 38
8.38 39
7.83 40
10.21 41
11.46 42
13.67 43
12.58 44
9.21 45
13.96 46
17.12 47
14.17 48
12.96 49
4.33 50
4.12 51
4.58 52
7.5 53
14.12 54
14.42 55
7.5 56
8.29 57
11.83 58
8.04 59
8.58 60
7.38 61
10.88 62
18.12 63
11.42 64
8.87 65
18.41 66
15.83 67
7.87 68
4.83 69
11.17 70
18.96 71
16.5 72
11.46 73
7.75 74
3.29 75
2.29 76
6.5 77
6.79 78
3.71 79
4.12 80
3.63 81
6.87 82
3.88 83
6.04 84
9.46 85
15.63 86
22.92 87
16.08 88
9.54 89
9.33 90
8.54 91
17.04 92
17.33 93
14.42 94
14.21 95
19.29 96
12.62 97
11.67 98
14.88 99
11.54 100
18.16 101
18.12 102
9.17 103
5.46 104
13.92 105
9.5 106
6.25 107
5.46 108
7.75 109
6.34 110
6.29 111
6.71 112
12.42 113
8.71 114
11.34 115
5.21 116
8 117
9.17 118
13 119
15.04 120
11.5 121
6.67 122
4.5 123
9.62 124
9.83 125
9.71 126
3.17 127
8.17 128
15.09 129
10 130
8.67 131
7.67 132
8.87 133
10.88 134
10.41 135
11.67 136
4.21 137
4.71 138
3.21 139
8.87 140
10.04 141
9.5 142
8.08 143
12.25 144
13.33 145
19.75 146
24.5 147
18 148
15 149
20.08 150
19.55 151
7.96 152
3.25 153
10.63 154
11.38 155
4.58 156
5.96 157
6.92 158
9.04 159
9.04 160
7.5 161
9 162
6 163
4.71 164
9.08 165
3.08 166
6.92 167
3.54 168
15.04 169
13 170
11.63 171
10.83 172
18.38 173
15.29 174
12.58 175
11.17 176
8.21 177
5.91 178
8.71 179
7.87 180
5.09 181
9.79 182
12.71 183
9.04 184
8.75 185
7.62 186
8.42 187
5 188
10.92 189
4.17 190
9.92 191
15.25 192
8.04 193
7.29 194
3.79 195
2.5 196
3.54 197
4.33 198
6.58 199
9.96 200
4.08 201
3.67 202
3.08 203
3.21 204
4.29 205
5.46 206
4.21 207
4.04 208
2.33 209
3.75 210
6.17 211
5.09 212
8.33 213
12.42 214
11.5 215
8.63 216
17.54 217
11.21 218
9.83 219
12.62 220
14.12 221
9.87 222
7.17 223
6.92 224
9.92 225
3.92 226
7.04 227
6.67 228
11.54 229
15.12 230
8.87 231
8.58 232
8.25 233
4.29 234
2.62 235
7.92 236
5 237
5.88 238
6.71 239
6.13 240
6.83 241
6.92 242
4.88 243
5.33 244
3.67 245
4.75 246
6.38 247
5.91 248
3.96 249
5.96 250
10 251
6.17 252
10.67 253
11.58 254
12.38 255
10.67 256
10.13 257
5 258
4.54 259
7.58 260
3.88 261
4.5 262
5.83 263
6.17 264
7.08 265
4.38 266
7.87 267
10.29 268
6.63 269
3.54 270
3.5 271
2.54 272
8.33 273
11.5 274
11.42 275
9.13 276
3.5 277
4.04 278
7.04 279
5.75 280
5.5 281
10.08 282
7.71 283
9.38 284
11.25 285
5.75 286
5.91 287
8.87 288
10.29 289
6.75 290
10.5 291
11.34 292
5.83 293
9.08 294
10.88 295
20.62 296
14 297
9.33 298
9.17 299
12.38 300
8.33 301
11.96 302
12.87 303
6.42 304
4.58 305
9.25 306
8.12 307
8.5 308
3.79 309
3.88 310
8.46 311
6.5 312
7.67 313
18.29 314
15.54 315
15.83 316
12.33 317
10.17 318
7.67 319
8.63 320
6.71 321
9.25 322
10.88 323
8.29 324
14.5 325
18.91 326
9.96 327
10.83 328
6.71 329
11.75 330
7.87 331
15.96 332
15 333
16.96 334
14.62 335
18.29 336
5.37 337
13.25 338
19.38 339
21.71 340
12.87 341
15.29 342
6.87 343
13.37 344
17.5 345
15.92 346
16.92 347
11.46 348
19.08 349
14.54 350
13.88 351
17.71 352
15.71 353
5.29 354
2.13 355
2.08 356
2.62 357
8.96 358
9.71 359
21.46 360
11.08 361
18.41 362
14.33 363
5.88 364
7.83 365
10.67 366
13.54 1
13.25 2
5.33 3
4.5 4
2.71 5
5.79 6
5.63 7
2.67 8
3.13 9
8.29 10
11.58 11
17.41 12
10 13
12.96 14
22.04 15
7.92 16
4.5 17
12.17 18
25.12 19
11.12 20
14.71 21
11.29 22
12.87 23
9.54 24
12.83 25
16.71 26
6.83 27
13.08 28
9.59 29
14.71 30
11.08 31
8 32
4.25 33
6.34 34
9.67 35
13.42 36
20.08 37
12.71 38
8.79 39
14.09 40
14.71 41
18.5 42
24.21 43
16.88 44
10.88 45
7.92 46
3.88 47
2.79 48
9.08 49
12 50
11.58 51
13.13 52
17.83 53
16.38 54
9.13 55
5.46 56
3.17 57
6.96 58
4.58 59
13.54 60
14.83 61
7.46 62
8.71 63
7.71 64
13.13 65
6.58 66
5.21 67
6.46 68
3.79 69
3.04 70
6.58 71
3.5 72
4.54 73
2.92 74
3.17 75
4.92 76
6.96 77
3.67 78
3.83 79
7.12 80
9 81
8.38 82
16.38 83
13.75 84
8.21 85
11.25 86
9.79 87
12.17 88
14.12 89
18.88 90
12.42 91
17.41 92
12.21 93
21.54 94
17 95
18.08 96
11.46 97
12.04 98
8 99
9 100
10.04 101
10.75 102
8.08 103
8.54 104
6.63 105
8.46 106
8.71 107
12.96 108
9.08 109
12.96 110
11.71 111
14.37 112
20.17 113
15.54 114
5.04 115
3.79 116
1.75 117
5.58 118
6.63 119
8.12 120
10.58 121
7.62 122
11.75 123
12.17 124
10.92 125
9 126
12.38 127
12.87 128
14.5 129
17.16 130
11.12 131
14 132
7.96 133
3.29 134
4.08 135
9.13 136
14.29 137
9.29 138
13.04 139
12.92 140
6.54 141
8.54 142
4.79 143
5.46 144
4.75 145
5.09 146
2.25 147
4.83 148
2.96 149
9.21 150
8 151
8.12 152
8.58 153
6.87 154
3.17 155
3.71 156
3.21 157
1.04 158
6.63 159
14.79 160
10 161
9.67 162
13.75 163
11.04 164
5.37 165
8.17 166
9.04 167
11.21 168
7.79 169
10 170
10.88 171
3.04 172
2.75 173
4.5 174
2.71 175
2.54 176
3.63 177
2.67 178
5.96 179
13.21 180
12.79 181
10.79 182
6 183
9.38 184
3.58 185
5.91 186
6.42 187
4.33 188
4.08 189
5.5 190
10 191
10.92 192
5.54 193
5.63 194
5.09 195
11.96 196
17.92 197
7.54 198
6.58 199
12.12 200
10.5 201
8.38 202
8.33 203
7 204
1.42 205
4.79 206
6.29 207
4.71 208
2.37 209
2.25 210
2.08 211
3.08 212
5.09 213
5.41 214
7.79 215
11.83 216
8.38 217
11.79 218
12.21 219
7.54 220
15.63 221
3.83 222
2.83 223
3.21 224
3.42 225
2.42 226
2.54 227
4.21 228
5.83 229
3.17 230
3.96 231
7.17 232
7.71 233
5.91 234
2.25 235
1.38 236
0.71 237
3.21 238
2.92 239
3.67 240
5.75 241
10.41 242
15.41 243
11.96 244
5.04 245
3.71 246
6.13 247
2.83 248
5.63 249
4.92 250
1.83 251
2.04 252
6.79 253
4.88 254
4.04 255
10.17 256
5 257
6.79 258
6.04 259
8.42 260
6.25 261
6.29 262
2.96 263
9.17 264
11.71 265
6.25 266
4.12 267
5.66 268
8.12 269
14.75 270
16.42 271
13.5 272
10.17 273
6.21 274
3.58 275
7.17 276
3.88 277
6.38 278
4.25 279
3 280
7.17 281
5.09 282
6.96 283
9.92 284
12.62 285
9.42 286
2.58 287
10.25 288
10.21 289
7.96 290
10.46 291
13.37 292
12.17 293
6.54 294
7.12 295
3.88 296
4.5 297
1.79 298
3.58 299
3.79 300
3.21 301
1.58 302
2.62 303
8.87 304
5.17 305
4.54 306
5.54 307
6.5 308
10.41 309
6.08 310
10.46 311
16.66 312
13.67 313
8.83 314
9 315
20.75 316
12.87 317
7.38 318
7.87 319
6.21 320
2.75 321
10.04 322
4.33 323
0.63 324
0 325
3.29 326
8.38 327
13.04 328
4.67 329
7.62 330
4.46 331
7.5 332
2.33 333
4.79 334
9.13 335
7.46 336
14.21 337
14.09 338
9.62 339
10.34 340
11.92 341
12.33 342
8.96 343
15.92 344
10.88 345
18.88 346
19.25 347
14.29 348
14.33 349
16.79 350
11.96 351
7.41 352
18.25 353
2.92 354
4.88 355
3.21 356
3.04 357
3.92 358
11.17 359
11.96 360
10.96 361
9.13 362
16.33 363
8.71 364
3.83 365
9.54 1
15.34 2
15 3
14.04 4
12.62 5
9.04 6
11.46 7
13.33 8
7.29 9
16.92 10
20.25 11
20.83 12
13.92 13
13.67 14
17.16 15
16.96 16
19 17
20.62 18
15.46 19
7.25 20
5.75 21
8.71 22
15.54 23
12.04 24
13.83 25
15.46 26
15.96 27
20.41 28
15.46 29
10 30
14.62 31
15.92 32
15.09 33
10.29 34
9.5 35
8.25 36
12.21 37
6.83 38
13.62 39
14.17 40
19.79 41
11.38 42
8.92 43
7.71 44
11.96 45
11.83 46
15.92 47
7.08 48
3.58 49
3.37 50
10.88 51
11.96 52
12.71 53
7 54
2.13 55
4.63 56
2.29 57
3.79 58
12.12 59
12.04 60
7.83 61
9.83 62
9.33 63
3.83 64
12.54 65
9.17 66
9.13 67
11.46 68
12.79 69
11.38 70
5.25 71
4.04 72
7.38 73
14.04 74
18.96 75
15.75 76
11.29 77
8.12 78
4.92 79
4.38 80
6.71 81
13.7 82
15 83
4.83 84
2.88 85
2.42 86
4.33 87
2.33 88
2.21 89
6.25 90
8.38 91
9.17 92
5.29 93
4.75 94
4.25 95
6.87 96
5.17 97
5.09 98
3.92 99
3.37 100
8.63 101
11.92 102
8 103
6.75 104
1.83 105
2.96 106
2.75 107
2.25 108
2.96 109
1.33 110
3.29 111
2.21 112
3.33 113
3.29 114
4.79 115
7.62 116
9.5 117
11.75 118
4.33 119
7.41 120
13.7 121
8.71 122
14.54 123
12.92 124
10.29 125
5.91 126
6.58 127
13 128
18.58 129
13.54 130
5.58 131
17.5 132
12.92 133
9.13 134
10.79 135
7.54 136
8.92 137
2.67 138
5.91 139
9.96 140
8.58 141
14.62 142
14.92 143
11.38 144
1.58 145
2.37 146
6.17 147
12.58 148
6.46 149
6.71 150
6.04 151
9.33 152
12.04 153
9.21 154
5.63 155
11.75 156
17.5 157
10.21 158
7.21 159
10.34 160
11.38 161
14.12 162
3.42 163
5.33 164
4.25 165
3.29 166
2.37 167
6.17 168
7.46 169
5.75 170
7.38 171
6.08 172
11.54 173
8.5 174
6.87 175
8.42 176
11.38 177
10.29 178
4.17 179
3.17 180
5.25 181
12.96 182
7.58 183
11.12 184
8.21 185
12.42 186
7.41 187
7 188
7.96 189
10.41 190
11.54 191
10.67 192
8.5 193
5.91 194
7.62 195
12.5 196
11.17 197
7.12 198
7.5 199
13.17 200
11.71 201
16.29 202
17.29 203
10.08 204
8.58 205
7.87 206
6.79 207
10.63 208
11.29 209
8.5 210
6 211
3.13 212
5.96 213
6.83 214
2.5 215
3.79 216
4.17 217
5.29 218
7.12 219
5.71 220
7.62 221
11.38 222
7 223
10.63 224
4.79 225
10.25 226
14.25 227
10.96 228
5.88 229
5.46 230
4.54 231
8.87 232
7.83 233
4.92 234
9.59 235
10.04 236
10.54 237
6.67 238
8.5 239
7.71 240
7.46 241
7.46 242
3.33 243
4.42 244
12.92 245
10.54 246
12.79 247
8.04 248
8.29 249
16.21 250
10.88 251
6.92 252
8 253
9.13 254
9.42 255
10.37 256
5.46 257
2.79 258
6.13 259
7.67 260
4.58 261
9.5 262
9.67 263
13.37 264
12.21 265
11.17 266
10.25 267
13 268
8.04 269
6.46 270
8.38 271
7.83 272
7.46 273
6.79 274
13.92 275
9.92 276
10.17 277
9.62 278
13.29 279
12.67 280
9.33 281
8.38 282
10 283
9.75 284
8.33 285
8.17 286
4 287
3.37 288
5.41 289
7.87 290
14.37 291
11.71 292
15.59 293
11.87 294
10.96 295
8.87 296
10.79 297
13.67 298
15.59 299
22.29 300
15.92 301
13.13 302
11.42 303
8.54 304
6.92 305
9.21 306
12.71 307
5.96 308
6.79 309
5.41 310
5.33 311
11.21 312
20.04 313
19.25 314
20.21 315
11.75 316
12.79 317
19.08 318
10.63 319
9.62 320
5.88 321
8.25 322
4.71 323
14.29 324
9.25 325
4.83 326
9.71 327
18 328
17.79 329
6.96 330
22.5 331
20.67 332
9.96 333
13.29 334
14.62 335
9.87 336
12.04 337
17.41 338
15.75 339
17.04 340
21.67 341
14.92 342
17.46 343
20.21 344
13.75 345
17.58 346
13.13 347
14.88 348
10.58 349
20.79 350
25.46 351
16.66 352
18.63 353
17.46 354
16.25 355
15.21 356
17.75 357
11.12 358
17.83 359
19.5 360
20.5 361
25.33 362
14.96 363
11.08 364
15.25 365
8.12 1
8.58 2
9.96 3
16.38 4
21.59 5
19.12 6
10.88 7
10.63 8
14.25 9
11.83 10
17.41 11
15.79 12
19.62 13
13.96 14
10.83 15
5.88 16
9.62 17
7.25 18
12.12 19
16.79 20
14.42 21
20.91 22
19.5 23
10.92 24
13.17 25
10.25 26
6.67 27
14.75 28
7.87 29
14.92 30
14.58 31
9.62 32
4.42 33
6.08 34
4.12 35
8.12 36
8.46 37
8.58 38
7.54 39
5.21 40
7 41
5.66 42
4.67 43
9.79 44
4.21 45
6.96 46
12.38 47
14 48
4 49
10.63 50
6 51
5.21 52
7.92 53
6.96 54
6.34 55
9.21 56
9.25 57
7.87 58
7.92 59
10.13 60
10 61
7.38 62
1.63 63
4.88 64
14.46 65
14 66
5.33 67
10.08 68
12.96 69
19.29 70
10.75 71
7.62 72
6.46 73
7.83 74
5.58 75
7.79 76
10.5 77
9.62 78
8.71 79
11.12 80
10.92 81
10.63 82
11.67 83
10.88 84
7.33 85
10.17 86
9.42 87
9.62 88
8.58 89
9.46 90
11.71 91
10.75 92
11.79 93
9.79 94
7 95
8.33 96
17.71 97
15.92 98
10.54 99
11.79 100
12.83 101
10.29 102
9.08 103
10 104
4.46 105
5.54 106
8.38 107
6.79 108
9.79 109
11.38 110
4.67 111
4.04 112
2.54 113
1.21 114
1.87 115
3.08 116
4.83 117
7.21 118
12.96 119
10.41 120
13.88 121
4.38 122
2.54 123
0.92 124
5.63 125
6.96 126
12.04 127
11.08 128
7.41 129
9.54 130
5.33 131
7.33 132
2.13 133
6.21 134
7.87 135
3.13 136
2.21 137
3.92 138
4.04 139
2.54 140
3.71 141
6.21 142
5.88 143
5.71 144
7.96 145
9.62 146
9.92 147
6.87 148
3.92 149
5.33 150
3 151
8.38 152
17.21 153
5.91 154
3.75 155
9.13 156
7.46 157
2.88 158
3.92 159
4.58 160
1.58 161
1.58 162
3.75 163
7.58 164
9 165
5.63 166
3.33 167
4.42 168
10.46 169
11.71 170
4.42 171
3.54 172
2.5 173
6.04 174
4.08 175
1.79 176
5.46 177
6.87 178
6.04 179
1.83 180
1.63 181
2.92 182
4.79 183
3.96 184
4.12 185
4.71 186
4.63 187
8.5 188
8.67 189
8.29 190
6.67 191
9.13 192
5.96 193
6.58 194
10.71 195
14.37 196
7.58 197
2.79 198
5.21 199
8.54 200
9.79 201
13.79 202
17.29 203
14.62 204
13.75 205
9.59 206
9.46 207
4.08 208
5.83 209
6.04 210
3.75 211
6.04 212
2.71 213
3.33 214
4.38 215
3.83 216
7.75 217
9.46 218
4.83 219
4.83 220
5.29 221
0.92 222
2.75 223
5.88 224
2.62 225
3.25 226
5.75 227
9.54 228
2.79 229
5.33 230
8.38 231
11.5 232
8.42 233
9.42 234
6.29 235
6.34 236
5 237
2.46 238
3 239
3.17 240
8.29 241
14 242
6.42 243
5.5 244
7.46 245
6.54 246
9.71 247
7.04 248
5.09 249
4.96 250
10 251
11.5 252
9.33 253
8.79 254
12.87 255
9.25 256
12.92 257
7.75 258
4.92 259
6.29 260
6.63 261
8.25 262
11.42 263
9.29 264
16.25 265
12.25 266
15.67 267
12.42 268
8.12 269
14.12 270
9.96 271
14.42 272
8.67 273
11.25 274
9.75 275
13.88 276
18.46 277
13.33 278
5.09 279
2.08 280
1.08 281
4.58 282
8.38 283
6 284
1.46 285
7.96 286
7.08 287
6.96 288
5.09 289
6.04 290
4.29 291
14 292
16.04 293
16.66 294
21.42 295
11.75 296
8.04 297
9.96 298
3.46 299
2.29 300
5.5 301
9.46 302
11.42 303
12.46 304
9.92 305
9.71 306
11.67 307
12.5 308
6.38 309
8.58 310
5.5 311
8.79 312
11.67 313
6.13 314
5.66 315
9.71 316
6.96 317
4.96 318
9.87 319
18.21 320
14 321
11.54 322
18.54 323
7.08 324
0.63 325
9.38 326
9.21 327
10.92 328
11.87 329
12 330
18.66 331
10.83 332
8.38 333
10.63 334
13.96 335
16.62 336
10.46 337
11.29 338
10.46 339
6.29 340
8.87 341
6.04 342
7.29 343
5.71 344
5.33 345
11.63 346
9.5 347
8.42 348
7.92 349
9.42 350
12.04 351
10 352
6.67 353
9.17 354
12.33 355
10.88 356
12.5 357
12.21 358
13.96 359
11.38 360
13.17 361
13.04 362
9.46 363
17.79 364
7.08 365
13.17 1
18.96 2
13.29 3
13.62 4
15.63 5
14.83 6
14.58 7
14.37 8
7.17 9
21.29 10
19.12 11
16.42 12
11.46 13
11.92 14
8.38 15
8.25 16
3.42 17
13.83 18
20.75 19
25.96 20
20.79 21
21.67 22
14.12 23
13.29 24
10.21 25
11.46 26
9.25 27
16.71 28
23.13 29
23.5 30
18.21 31
11.58 32
11.21 33
10.58 34
13.62 35
12.79 36
4.58 37
9.5 38
11.17 39
16.17 40
15.16 41
17.12 42
17.41 43
8.79 44
4.25 45
9.42 46
8.5 47
4.38 48
2.92 49
10.08 50
12.25 51
10.17 52
12.08 53
11.29 54
13.29 55
14.17 56
8.46 57
5.75 58
6.71 59
11.71 60
6.5 61
6.96 62
10.04 63
7.87 64
11.54 65
20.79 66
14.33 67
7.54 68
7.58 69
12.71 70
11.34 71
15.92 72
12 73
15.37 74
9.59 75
10.79 76
8.04 77
11.12 78
14.58 79
16.88 80
6.83 81
5.71 82
5.96 83
12.96 84
15.29 85
16.58 86
20.88 87
18.71 88
17 89
15.63 90
17 91
6.87 92
10.79 93
12.87 94
12.21 95
16.38 96
14.71 97
10.63 98
7.21 99
6 100
10.34 101
11.34 102
8.29 103
15 104
17.67 105
8.79 106
6.46 107
9.42 108
5.63 109
5.88 110
8 111
8.83 112
14.79 113
9.96 114
9.87 115
11.25 116
8.25 117
9.59 118
7.29 119
3.54 120
5.54 121
11.96 122
12.38 123
14.96 124
7.08 125
5.54 126
5.66 127
5.33 128
7.25 129
4.33 130
11.25 131
14.17 132
16.29 133
8.96 134
13.37 135
13.25 136
16.5 137
13.88 138
7.04 139
7.08 140
8.38 141
9.83 142
10.54 143
9.5 144
11.08 145
10 146
7.12 147
3.29 148
4.63 149
3.33 150
8.29 151
6.29 152
12.92 153
4.29 154
3.04 155
5.75 156
6.5 157
7.87 158
5.54 159
7.75 160
10.83 161
10.83 162
10.63 163
13.13 164
10.79 165
11.92 166
9.79 167
3.37 168
7 169
11.67 170
11.08 171
9.96 172
7.12 173
8.96 174
10.04 175
10.37 176
7 177
7.41 178
3.42 179
5.58 180
5.58 181
6.04 182
5.37 183
4.67 184
4.88 185
4.08 186
1.54 187
4.12 188
5.5 189
4.29 190
10.34 191
9.13 192
9.33 193
5.75 194
9.04 195
10.34 196
10.08 197
6.54 198
5.79 199
10.25 200
9.96 201
8.83 202
7.92 203
5.63 204
8.96 205
6.58 206
5.58 207
5.09 208
4.92 209
5.5 210
9.25 211
9.87 212
7.71 213
13 214
10.58 215
5.91 216
6.75 217
4.92 218
3.46 219
3.08 220
1.67 221
1.67 222
2.67 223
4.71 224
1.46 225
2.42 226
3.79 227
3.42 228
1.87 229
2 230
4.38 231
3 232
4.04 233
6.87 234
7.08 235
5.79 236
6.04 237
4.12 238
3.88 239
8.87 240
13.59 241
9.67 242
9.21 243
8.63 244
10.34 245
11.63 246
10.04 247
8.08 248
3.79 249
4.46 250
4.38 251
13.17 252
21.25 253
10.54 254
20.54 255
12.33 256
6.71 257
12.17 258
6.58 259
3.08 260
4.42 261
5.66 262
9.75 263
7.25 264
3.21 265
1.63 266
6.34 267
15.92 268
10.13 269
8.17 270
7.04 271
7.71 272
6.96 273
5.25 274
5.04 275
2.67 276
8.96 277
5.41 278
11.54 279
19.21 280
7.71 281
3.04 282
1.63 283
7.41 284
5.29 285
8.33 286
2.25 287
13.83 288
14.83 289
4.88 290
13.5 291
1.54 292
2.42 293
6.96 294
9.17 295
6.04 296
6.21 297
1.92 298
0.92 299
2.58 300
6.54 301
2.58 302
6.71 303
4.46 304
4.21 305
10 306
11.79 307
7.54 308
5.96 309
9.62 310
5.17 311
8.08 312
5.33 313
5.75 314
8.38 315
4.96 316
8.83 317
6.58 318
11.38 319
8.29 320
8.63 321
7.41 322
7.5 323
2.17 324
3.71 325
8.46 326
7.83 327
8.54 328
11.21 329
13.04 330
16.75 331
15.5 332
21.84 333
13.21 334
8.29 335
10.88 336
10 337
5.75 338
11 339
11.83 340
16.75 341
15.46 342
10.75 343
7.25 344
9 345
2.71 346
1.21 347
1.21 348
5.33 349
5.66 350
6.63 351
5.63 352
9.92 353
3.17 354
6.21 355
6.5 356
9.71 357
6.63 358
8.25 359
5.96 360
6.5 361
11.67 362
7.58 363
12.33 364
9.67 365
7.92 366
10.75 1
9.46 2
7.87 3
15.41 4
11.5 5
8.04 6
8.04 7
11.38 8
12.71 9
10.75 10
7.62 11
4.96 12
17.04 13
22.08 14
11.75 15
7.17 16
9.21 17
14.83 18
7.17 19
17.12 20
14.79 21
4.63 22
2.04 23
10.34 24
10.88 25
4.96 26
12.17 27
8.58 28
2.54 29
12.79 30
4.75 31
6.17 32
9.21 33
18.29 34
10.5 35
10.08 36
7.58 37
16.66 38
7.96 39
9.96 40
12.25 41
9.13 42
5.25 43
5.46 44
8.21 45
11.5 46
5.91 47
11.04 48
15.09 49
13.04 50
9.08 51
3.83 52
10.96 53
17.92 54
17.71 55
10.46 56
8.71 57
17.92 58
16.71 59
5 60
13.25 61
16.71 62
18.66 63
11.04 64
9.42 65
14 66
17.67 67
16.88 68
20.21 69
14.29 70
9.67 71
13.33 72
16.33 73
19.79 74
15.34 75
18.34 76
15.41 77
11.08 78
17.41 79
18.21 80
13.5 81
12.08 82
9.71 83
12.08 84
12.54 85
19.33 86
10.13 87
7.79 88
14.12 89
19.46 90
25.62 91
12.33 92
14.92 93
9.38 94
11.17 95
15.67 96
13.17 97
8.63 98
6.13 99
13.83 100
13.04 101
21.62 102
18.54 103
14.12 104
8 105
8.42 106
8.58 107
8.21 108
7.75 109
14.29 110
18.46 111
26.42 112
20.25 113
13.21 114
14.5 115
14.37 116
17.54 117
14.09 118
13.79 119
10.58 120
6.75 121
7.41 122
11.04 123
8.96 124
7.96 125
9.87 126
17.08 127
8.87 128
6.58 129
7.67 130
15.71 131
10.75 132
7.96 133
6.67 134
8.71 135
9.62 136
5.09 137
4.71 138
4.5 139
10.83 140
11.96 141
8.08 142
9.04 143
11.58 144
11.5 145
10.54 146
9.04 147
7.29 148
10.17 149
12.5 150
7.58 151
5.29 152
6.87 153
8.5 154
12.83 155
13.04 156
14.67 157
11.67 158
6.71 159
7.58 160
16 161
14.79 162
7.67 163
6.21 164
11.08 165
11 166
10 167
9.42 168
5.54 169
4 170
4 171
2.96 172
2.79 173
5 174
6.04 175
8.79 176
9.75 177
12.25 178
7.08 179
7.5 180
14.96 181
12.29 182
13.08 183
7.33 184
4.17 185
4.21 186
6.21 187
4.29 188
8.42 189
8.87 190
8.42 191
6.79 192
9.04 193
6.79 194
6.17 195
7.17 196
9.08 197
14.17 198
18.16 199
17.5 200
15.29 201
7.83 202
13.21 203
15.5 204
17.21 205
15.41 206
11.58 207
9.42 208
9.21 209
7.38 210
7.41 211
7.21 212
4.96 213
8.87 214
9.62 215
14.88 216
9 217
6.34 218
7.04 219
4.46 220
3.71 221
5.83 222
6.5 223
7.21 224
6.54 225
7.87 226
7.67 227
15.37 228
19.17 229
9.17 230
7.12 231
7.46 232
7.96 233
9.21 234
8.54 235
16.29 236
9.67 237
10.67 238
10.54 239
9.08 240
11.58 241
7.46 242
7.46 243
15.09 244
14.37 245
12.12 246
16.04 247
11.63 248
14.46 249
8.17 250
10.58 251
11.75 252
20.46 253
14.04 254
7.92 255
4.58 256
8.58 257
2.42 258
13.46 259
10.58 260
8.38 261
8.5 262
7.5 263
5.13 264
5 265
15.21 266
20.12 267
11.08 268
8.67 269
9.83 270
21.09 271
20.3 272
21.12 273
18.5 274
10.79 275
10.17 276
11.21 277
7.75 278
14.96 279
10.88 280
10.41 281
15.25 282
9.75 283
16.29 284
16.71 285
10.58 286
12.54 287
18.21 288
11.29 289
13.33 290
12.17 291
12.04 292
8.92 293
11.83 294
10.58 295
16.5 296
14.88 297
9.79 298
13 299
13.25 300
14.92 301
14.37 302
18.05 303
11.75 304
11.12 305
8.46 306
18.29 307
12.62 308
15.29 309
17.46 310
19.33 311
16.88 312
12.12 313
17.79 314
24.13 315
19.29 316
16.21 317
28.16 318
18.79 319
13.54 320
13.59 321
11.38 322
19.92 323
13.33 324
14.17 325
13.46 326
23.83 327
17.08 328
7.54 329
4.04 330
4 331
5.71 332
1.87 333
2.13 334
8.96 335
20.33 336
24.08 337
22.46 338
20.21 339
18.34 340
15.75 341
9 342
14.17 343
9.75 344
12.33 345
12.33 346
13.42 347
13.79 348
7.58 349
6.54 350
2.67 351
2.71 352
4.79 353
11.67 354
14.17 355
10.71 356
12.96 357
21.75 358
10.96 359
11.96 360
16.08 361
12.58 362
15.71 363
16.83 364
15.59 365
14.71 1
17.08 2
21.96 3
8.38 4
13.88 5
11.29 6
8.08 7
8.12 8
17.33 9
16.62 10
19.41 11
11.58 12
9.87 13
4.17 14
1.58 15
7.87 16
8.33 17
7.92 18
10.29 19
13.79 20
11.08 21
15.71 22
13.5 23
13.92 24
8.33 25
16.5 26
11.63 27
15.87 28
25.54 29
6.08 30
8 31
20.96 32
14.54 33
8.12 34
8.75 35
13.46 36
9.59 37
5.5 38
9.38 39
15.71 40
6.79 41
5.09 42
9.42 43
9.08 44
5.75 45
11.87 46
14.46 47
13.33 48
23.42 49
27.71 50
16.75 51
10.08 52
15.37 53
13 54
14.92 55
9.87 56
3.54 57
6.29 58
10.54 59
12.29 60
6.38 61
2.29 62
4.67 63
6.08 64
8.58 65
14.17 66
10.67 67
2.79 68
4.63 69
3.63 70
13.13 71
11.79 72
21.87 73
16.08 74
9.13 75
6.5 76
7.83 77
17 78
13.13 79
14.29 80
18 81
20.12 82
15.46 83
17.25 84
15.92 85
20.17 86
18.08 87
20.08 88
11.46 89
12.54 90
2.67 91
4.71 92
6.71 93
9.83 94
9.5 95
7.58 96
6.5 97
2.04 98
8.33 99
11.79 100
9.5 101
8.58 102
14.25 103
9.46 104
4.08 105
5.83 106
15.16 107
8.12 108
11.12 109
11.25 110
7.38 111
9.5 112
8.42 113
9.5 114
13 115
8.54 116
6.5 117
3.33 118
7.25 119
17.16 120
11.17 121
9.62 122
3.96 123
5.96 124
8.79 125
5.41 126
3.67 127
6.34 128
4.79 129
5.04 130
10.88 131
13.79 132
10.08 133
4.58 134
2.37 135
3.33 136
3.88 137
3.17 138
3.04 139
2.29 140
3.04 141
2.92 142
8.5 143
8.29 144
3.92 145
0.83 146
1.67 147
2.13 148
4.88 149
4.88 150
4.83 151
6.46 152
2.79 153
4.54 154
5.63 155
11.75 156
9.29 157
7.12 158
6.34 159
9.5 160
8.71 161
8.04 162
6.58 163
5.04 164
4.75 165
4.08 166
16.5 167
12.42 168
1.71 169
7.41 170
4.54 171
3.04 172
6.21 173
10.34 174
12.67 175
9.33 176
9.42 177
10.79 178
14 179
9.67 180
9.17 181
12.42 182
11.92 183
13.7 184
13.7 185
12.38 186
11.79 187
11.92 188
11.67 189
4.42 190
3.88 191
2.83 192
1.63 193
0.83 194
3.17 195
2.79 196
2.33 197
1.83 198
7.17 199
11.87 200
7.58 201
4.67 202
13.83 203
10.08 204
9.33 205
8.42 206
7.04 207
10.5 208
9.92 209
4.08 210
2.92 211
12.17 212
9.33 213
4.5 214
9.62 215
5.54 216
1.38 217
6.92 218
5.96 219
7.75 220
3.17 221
3.08 222
6.42 223
5.54 224
6.25 225
7.5 226
8.54 227
10.83 228
4.79 229
9.92 230
3.88 231
5.41 232
12.38 233
4.33 234
1.25 235
1.33 236
1.46 237
0.75 238
1.54 239
2.42 240
6.92 241
7.58 242
8.87 243
7.25 244
6.13 245
4.12 246
5.09 247
3.25 248
7.38 249
9.21 250
8.21 251
15.29 252
15.67 253
18.5 254
9.08 255
12.62 256
13.67 257
14.96 258
14.04 259
8.25 260
5.71 261
1.21 262
3.04 263
5.5 264
9.75 265
11.25 266
12.87 267
12.75 268
16.58 269
13.79 270
19.41 271
22.21 272
16.92 273
4.21 274
6.83 275
9.25 276
11.29 277
15.34 278
8.58 279
9.04 280
7.62 281
7.62 282
6.34 283
11.29 284
2.13 285
3 286
1.25 287
7.41 288
15.83 289
12.62 290
4.58 291
5.54 292
9.21 293
9.67 294
8.29 295
11 296
17.67 297
16.17 298
8.58 299
1.83 300
2.42 301
3.42 302
8.92 303
4.63 304
8.17 305
10 306
13.21 307
14.58 308
8.92 309
12.21 310
19.29 311
8.87 312
6.21 313
5.91 314
4.12 315
14.96 316
16.5 317
17.54 318
20.12 319
17.67 320
17.58 321
12.08 322
11.08 323
16.08 324
14.67 325
16.71 326
12.25 327
7.17 328
14.62 329
8.08 330
2.33 331
1.96 332
4.38 333
7.5 334
21.54 335
12.33 336
17.46 337
8.38 338
13.92 339
24.54 340
19.92 341
10.34 342
10.75 343
13.21 344
14.83 345
10.54 346
13 347
8.83 348
12.67 349
9.13 350
2.46 351
2.42 352
4.75 353
4.54 354
11.67 355
2.46 356
16.5 357
12.25 358
8.71 359
1.96 360
14.46 361
14.33 362
19.17 363
18.08 364
19.25 365
